#{"t_start": 1541114852.7747736, "env_id": "MountainCar-v0"}
r,l,t
-200.0,200,0.542027
-200.0,200,0.64153
-200.0,200,0.735031
-200.0,200,0.735114
-200.0,200,0.830642
-200.0,200,0.830733
-200.0,200,0.931744
-200.0,200,0.931866
-200.0,200,1.290194
-200.0,200,1.290284
-200.0,200,1.37676
-65.0,65,1.376887
-65.0,65,1.376938
-200.0,200,1.645286
-200.0,200,1.645409
-200.0,200,1.776737
-94.0,94,1.776862
-94.0,94,1.776914
-200.0,200,1.811661
-94.0,94,1.811766
-27.0,27,1.811817
-27.0,27,1.811861
-200.0,200,2.069814
-200.0,200,2.069923
-200.0,200,2.107982
-94.0,94,2.108117
-27.0,27,2.10817
-27.0,27,2.108227
-200.0,200,2.230362
-94.0,94,2.230492
-94.0,94,2.230571
-200.0,200,2.272996
-32.0,32,2.273123
-32.0,32,2.273176
-200.0,200,2.316514
-32.0,32,2.316632
-32.0,32,2.316679
-200.0,200,2.582993
-200.0,200,2.58311
-200.0,200,2.629019
-32.0,32,2.629136
-32.0,32,2.629194
-200.0,200,2.664555
-94.0,94,2.664663
-27.0,27,2.664715
-27.0,27,2.664759
-200.0,200,2.792954
-94.0,94,2.793078
-94.0,94,2.793166
-200.0,200,3.060166
-200.0,200,3.060293
-200.0,200,3.096708
-94.0,94,3.096826
-27.0,27,3.096901
-27.0,27,3.096977
-200.0,200,3.226428
-94.0,94,3.226602
-94.0,94,3.226675
-200.0,200,3.262535
-94.0,94,3.262649
-27.0,27,3.262705
-27.0,27,3.262754
-200.0,200,3.299757
-94.0,94,3.29987
-27.0,27,3.299927
-27.0,27,3.300004
-200.0,200,3.389782
-65.0,65,3.389897
-65.0,65,3.389976
-200.0,200,3.662649
-200.0,200,3.662766
-200.0,200,3.704964
-32.0,32,3.705093
-32.0,32,3.70516
-200.0,200,3.794436
-65.0,65,3.794568
-65.0,65,3.79462
-200.0,200,4.063226
-200.0,200,4.063344
-200.0,200,4.098719
-94.0,94,4.098836
-27.0,27,4.098896
-27.0,27,4.098948
-200.0,200,4.147353
-32.0,32,4.147479
-32.0,32,4.147542
-200.0,200,4.288368
-94.0,94,4.288487
-94.0,94,4.288549
-200.0,200,4.580188
-200.0,200,4.580312
-200.0,200,4.627275
-32.0,32,4.627406
-32.0,32,4.627471
-200.0,200,4.666306
-94.0,94,4.666429
-27.0,27,4.666493
-27.0,27,4.666549
-200.0,200,4.94848
-200.0,200,4.94859
-200.0,200,4.987052
-94.0,94,4.987141
-27.0,27,4.98719
-27.0,27,4.987233
-200.0,200,5.259592
-200.0,200,5.259684
-200.0,200,5.302938
-32.0,32,5.30306
-32.0,32,5.30311
-200.0,200,5.431273
-94.0,94,5.431381
-94.0,94,5.431431
-200.0,200,5.560735
-94.0,94,5.560854
-94.0,94,5.560904
-200.0,200,5.604312
-32.0,32,5.604451
-32.0,32,5.604506
-200.0,200,5.878321
-200.0,200,5.878443
-200.0,200,6.153795
-200.0,200,6.153919
-200.0,200,6.425326
-200.0,200,6.425464
-200.0,200,6.462543
-94.0,94,6.462653
-27.0,27,6.462705
-27.0,27,6.462763
-200.0,200,6.502007
-94.0,94,6.50211
-27.0,27,6.502159
-27.0,27,6.5022
-200.0,200,6.772708
-200.0,200,6.772819
-200.0,200,7.045974
-200.0,200,7.04612
-200.0,200,7.17417
-94.0,94,7.174259
-94.0,94,7.174307
-200.0,200,7.419353
-182.0,182,7.419469
-182.0,182,7.419525
-200.0,200,7.549398
-96.0,96,7.54951
-96.0,96,7.54956
-200.0,200,7.589689
-94.0,94,7.589799
-27.0,27,7.589852
-27.0,27,7.589925
-197.0,197,7.714358
-93.0,93,7.714481
-93.0,93,7.71453
-200.0,200,7.847999
-96.0,96,7.848159
-96.0,96,7.848231
-200.0,200,7.978199
-96.0,96,7.978315
-96.0,96,7.978385
-200.0,200,8.02395
-32.0,32,8.024071
-32.0,32,8.024167
-200.0,200,8.152292
-94.0,94,8.152443
-94.0,94,8.152508
-200.0,200,8.394579
-182.0,182,8.394706
-182.0,182,8.394773
-200.0,200,8.435445
-94.0,94,8.435573
-27.0,27,8.435646
-27.0,27,8.435694
-200.0,200,8.521681
-65.0,65,8.521799
-65.0,65,8.521847
-200.0,200,8.649693
-94.0,94,8.649806
-94.0,94,8.649862
-200.0,200,8.897123
-182.0,182,8.897254
-182.0,182,8.897404
-200.0,200,8.940921
-32.0,32,8.941047
-32.0,32,8.9411
-200.0,200,9.068107
-94.0,94,9.068234
-94.0,94,9.06829
-200.0,200,9.157043
-65.0,65,9.157186
-65.0,65,9.157277
-200.0,200,9.290711
-96.0,96,9.290818
-96.0,96,9.290868
-200.0,200,9.334654
-32.0,32,9.334773
-32.0,32,9.334822
-200.0,200,9.462578
-94.0,94,9.462698
-94.0,94,9.462749
-200.0,200,9.58976
-94.0,94,9.589877
-94.0,94,9.589932
-200.0,200,9.717956
-94.0,94,9.71809
-94.0,94,9.718156
-200.0,200,9.809498
-65.0,65,9.809606
-65.0,65,9.809655
-200.0,200,9.895127
-65.0,65,9.89524
-65.0,65,9.895337
-200.0,200,10.021288
-96.0,96,10.021405
-96.0,96,10.02146
-200.0,200,10.269859
-182.0,182,10.269967
-182.0,182,10.270019
-200.0,200,10.399122
-94.0,94,10.399238
-94.0,94,10.399294
-200.0,200,10.48955
-65.0,65,10.489697
-65.0,65,10.489781
-200.0,200,10.509637
-182.0,182,10.509751
-15.0,15,10.509832
-15.0,15,10.509874
-200.0,200,10.545718
-94.0,94,10.545824
-27.0,27,10.545913
-27.0,27,10.545958
-200.0,200,10.58558
-94.0,94,10.585696
-27.0,27,10.585779
-27.0,27,10.585836
-194.0,194,10.704769
-90.0,90,10.704891
-90.0,90,10.704958
-200.0,200,10.955651
-182.0,182,10.955789
-182.0,182,10.955841
-200.0,200,11.082319
-94.0,94,11.082443
-94.0,94,11.082493
-200.0,200,11.355005
-200.0,200,11.355126
-200.0,200,11.443728
-65.0,65,11.443866
-65.0,65,11.44392
-200.0,200,11.546675
-94.0,94,11.546779
-75.0,75,11.546829
-75.0,75,11.546872
-200.0,200,11.646978
-94.0,94,11.647116
-75.0,75,11.647169
-75.0,75,11.647213
-200.0,200,11.781786
-96.0,96,11.781893
-96.0,96,11.781944
-200.0,200,11.821546
-94.0,94,11.821698
-27.0,27,11.821762
-27.0,27,11.821805
-200.0,200,11.921236
-94.0,94,11.921362
-75.0,75,11.92143
-75.0,75,11.921502
-200.0,200,11.960519
-94.0,94,11.960625
-27.0,27,11.960692
-27.0,27,11.960735
-200.0,200,11.99579
-94.0,94,11.995931
-27.0,27,11.996001
-27.0,27,11.996058
-200.0,200,12.03364
-94.0,94,12.033751
-27.0,27,12.033804
-27.0,27,12.033847
-200.0,200,12.076843
-32.0,32,12.076971
-32.0,32,12.077039
-200.0,200,12.122791
-32.0,32,12.122899
-32.0,32,12.122948
-200.0,200,12.348999
-182.0,182,12.349108
-169.0,169,12.349174
-169.0,169,12.349217
-200.0,200,12.388911
-94.0,94,12.389034
-27.0,27,12.389084
-27.0,27,12.389127
-200.0,200,12.410049
-182.0,182,12.410174
-15.0,15,12.410258
-15.0,15,12.4103
-200.0,200,12.446762
-94.0,94,12.446874
-27.0,27,12.446958
-27.0,27,12.447017
-200.0,200,12.681914
-182.0,182,12.682027
-169.0,169,12.682081
-169.0,169,12.682141
-200.0,200,12.718973
-94.0,94,12.7191
-27.0,27,12.719167
-27.0,27,12.71921
-200.0,200,12.847131
-94.0,94,12.847252
-94.0,94,12.847331
-200.0,200,12.890713
-32.0,32,12.890822
-32.0,32,12.890875
-200.0,200,12.995682
-94.0,94,12.99579
-75.0,75,12.995855
-75.0,75,12.995898
-200.0,200,13.246604
-182.0,182,13.246748
-182.0,182,13.246799
-200.0,200,13.474253
-182.0,182,13.474381
-169.0,169,13.474448
-169.0,169,13.474491
-200.0,200,13.601484
-94.0,94,13.601605
-94.0,94,13.601655
-200.0,200,13.715378
-182.0,182,13.715489
-169.0,169,13.715546
-88.0,88,13.715594
-88.0,88,13.715639
-200.0,200,13.758422
-32.0,32,13.758534
-32.0,32,13.758589
-200.0,200,13.792335
-94.0,94,13.792445
-27.0,27,13.792499
-27.0,27,13.792546
-200.0,200,13.83235
-32.0,32,13.832469
-32.0,32,13.832528
-200.0,200,13.855522
-182.0,182,13.855622
-15.0,15,13.855678
-15.0,15,13.855726
-200.0,200,13.964407
-182.0,182,13.964526
-169.0,169,13.964643
-88.0,88,13.964695
-88.0,88,13.96474
-200.0,200,14.049933
-65.0,65,14.050048
-65.0,65,14.050104
-200.0,200,14.146399
-94.0,94,14.146511
-75.0,75,14.146567
-75.0,75,14.146616
-200.0,200,14.188144
-32.0,32,14.188258
-32.0,32,14.188315
-200.0,200,14.231423
-32.0,32,14.231541
-32.0,32,14.231601
-200.0,200,14.460452
-182.0,182,14.46057
-169.0,169,14.460631
-169.0,169,14.460683
-200.0,200,14.502134
-32.0,32,14.50225
-32.0,32,14.502308
-200.0,200,14.627647
-94.0,94,14.627769
-94.0,94,14.627834
-200.0,200,14.654023
-182.0,182,14.654145
-15.0,15,14.654211
-15.0,15,14.654268
-200.0,200,14.762831
-94.0,94,14.762957
-75.0,75,14.763028
-75.0,75,14.763091
-200.0,200,14.806017
-94.0,94,14.806142
-27.0,27,14.806213
-27.0,27,14.806276
-200.0,200,15.056541
-182.0,182,15.05667
-169.0,169,15.056737
-169.0,169,15.056796
-200.0,200,15.182445
-96.0,96,15.182557
-96.0,96,15.182613
-200.0,200,15.431036
-182.0,182,15.431166
-182.0,182,15.431218
-200.0,200,15.533361
-94.0,94,15.533468
-75.0,75,15.533519
-75.0,75,15.533572
-200.0,200,15.677557
-182.0,182,15.677671
-169.0,169,15.677728
-112.0,112,15.677777
-112.0,112,15.677822
-200.0,200,15.822177
-182.0,182,15.822296
-169.0,169,15.822357
-112.0,112,15.82241
-112.0,112,15.822458
-200.0,200,16.04937
-182.0,182,16.04949
-169.0,169,16.049551
-169.0,169,16.049604
-200.0,200,16.173114
-182.0,182,16.173219
-169.0,169,16.173279
-88.0,88,16.173323
-88.0,88,16.173364
-200.0,200,16.290987
-182.0,182,16.291111
-169.0,169,16.291193
-88.0,88,16.291283
-88.0,88,16.291324
-200.0,200,16.335129
-182.0,182,16.335244
-30.0,30,16.335299
-30.0,30,16.335361
-200.0,200,16.355571
-182.0,182,16.355687
-15.0,15,16.355761
-15.0,15,16.355821
-200.0,200,16.376324
-182.0,182,16.376465
-15.0,15,16.376547
-15.0,15,16.376589
-200.0,200,16.50822
-96.0,96,16.508353
-96.0,96,16.508408
-200.0,200,16.638762
-96.0,96,16.638887
-96.0,96,16.638952
-200.0,200,16.770231
-96.0,96,16.770338
-96.0,96,16.770416
-200.0,200,16.826833
-182.0,182,16.826945
-169.0,169,16.826998
-88.0,88,16.827045
-42.0,42,16.82709
-42.0,42,16.827131
-200.0,200,16.946956
-182.0,182,16.947105
-169.0,169,16.947174
-88.0,88,16.947219
-88.0,88,16.947261
-200.0,200,17.097444
-182.0,182,17.097567
-169.0,169,17.097646
-112.0,112,17.097718
-112.0,112,17.097759
-200.0,200,17.157751
-182.0,182,17.1579
-169.0,169,17.157951
-88.0,88,17.157995
-42.0,42,17.158036
-42.0,42,17.158075
-200.0,200,17.26419
-94.0,94,17.264288
-75.0,75,17.264339
-75.0,75,17.264381
-200.0,200,17.38988
-96.0,96,17.389996
-96.0,96,17.390053
-200.0,200,17.507727
-182.0,182,17.507838
-169.0,169,17.507888
-88.0,88,17.507931
-88.0,88,17.507971
-200.0,200,17.744776
-182.0,182,17.74489
-174.0,174,17.744946
-174.0,174,17.744993
-200.0,200,17.800966
-182.0,182,17.801067
-169.0,169,17.801121
-88.0,88,17.801169
-42.0,42,17.801213
-42.0,42,17.801266
-200.0,200,18.023271
-182.0,182,18.023405
-174.0,174,18.023489
-174.0,174,18.023545
-200.0,200,18.137572
-182.0,182,18.137702
-174.0,174,18.137769
-82.0,82,18.137812
-82.0,82,18.137852
-200.0,200,18.241667
-94.0,94,18.241774
-75.0,75,18.241825
-75.0,75,18.241869
-200.0,200,18.477763
-182.0,182,18.477869
-174.0,174,18.477921
-174.0,174,18.477966
-200.0,200,18.613696
-96.0,96,18.61381
-96.0,96,18.613859
-200.0,200,18.714824
-94.0,94,18.714939
-75.0,75,18.714989
-75.0,75,18.715033
-200.0,200,18.77615
-182.0,182,18.776273
-169.0,169,18.776353
-88.0,88,18.776427
-42.0,42,18.776497
-42.0,42,18.776565
-200.0,200,18.876572
-94.0,94,18.876712
-75.0,75,18.876798
-75.0,75,18.876857
-200.0,200,18.979144
-94.0,94,18.979263
-75.0,75,18.980027
-75.0,75,18.980077
-200.0,200,18.999928
-182.0,182,19.000035
-15.0,15,19.000087
-15.0,15,19.000146
-200.0,200,19.113536
-182.0,182,19.113653
-174.0,174,19.113737
-82.0,82,19.113781
-82.0,82,19.113822
-200.0,200,19.228605
-182.0,182,19.228724
-174.0,174,19.228796
-82.0,82,19.228846
-82.0,82,19.228894
-200.0,200,19.466736
-182.0,182,19.466839
-174.0,174,19.466892
-174.0,174,19.466936
-200.0,200,19.507124
-182.0,182,19.507247
-30.0,30,19.50742
-30.0,30,19.507499
-200.0,200,19.527455
-182.0,182,19.52758
-15.0,15,19.527633
-15.0,15,19.52769
-200.0,200,19.762705
-182.0,182,19.762867
-169.0,169,19.76292
-169.0,169,19.762966
-200.0,200,19.803016
-182.0,182,19.803147
-30.0,30,19.803199
-30.0,30,19.803242
-200.0,200,19.922999
-182.0,182,19.923121
-169.0,169,19.923173
-88.0,88,19.923217
-88.0,88,19.923259
-200.0,200,20.036445
-182.0,182,20.03658
-174.0,174,20.036634
-82.0,82,20.036692
-82.0,82,20.036732
-200.0,200,20.104322
-96.0,96,20.104449
-51.0,51,20.104502
-51.0,51,20.104562
-200.0,200,20.217739
-182.0,182,20.217845
-174.0,174,20.217901
-82.0,82,20.217948
-82.0,82,20.217992
-200.0,200,20.262111
-182.0,182,20.262213
-30.0,30,20.262281
-30.0,30,20.262324
-200.0,200,20.36077
-94.0,94,20.360885
-75.0,75,20.360945
-75.0,75,20.361021
-200.0,200,20.40554
-182.0,182,20.405648
-30.0,30,20.405713
-30.0,30,20.405755
-200.0,200,20.565224
-182.0,182,20.565388
-169.0,169,20.565462
-112.0,112,20.565508
-112.0,112,20.565549
-200.0,200,20.718173
-182.0,182,20.71829
-169.0,169,20.718361
-112.0,112,20.718406
-112.0,112,20.718447
-200.0,200,20.760238
-182.0,182,20.760342
-30.0,30,20.760391
-30.0,30,20.760432
-200.0,200,20.912592
-182.0,182,20.912734
-169.0,169,20.912786
-112.0,112,20.912831
-112.0,112,20.91287
-200.0,200,21.033242
-182.0,182,21.03337
-169.0,169,21.033424
-88.0,88,21.03347
-88.0,88,21.033514
-200.0,200,21.156045
-182.0,182,21.1562
-169.0,169,21.156265
-88.0,88,21.156308
-88.0,88,21.156348
-200.0,200,21.276223
-182.0,182,21.276344
-174.0,174,21.276424
-82.0,82,21.276482
-82.0,82,21.276522
-200.0,200,21.500237
-182.0,182,21.500365
-169.0,169,21.500433
-169.0,169,21.500477
-200.0,200,21.731785
-182.0,182,21.731929
-169.0,169,21.731998
-169.0,169,21.732043
-200.0,200,21.884801
-182.0,182,21.884943
-169.0,169,21.884999
-112.0,112,21.885059
-112.0,112,21.8851
-200.0,200,21.928771
-182.0,182,21.928898
-30.0,30,21.928984
-30.0,30,21.929027
-200.0,200,22.030454
-182.0,182,22.03056
-169.0,169,22.030612
-112.0,112,22.030656
-75.0,75,22.030697
-75.0,75,22.030738
-200.0,200,22.09097
-182.0,182,22.091087
-169.0,169,22.091143
-88.0,88,22.09122
-42.0,42,22.091261
-42.0,42,22.091299
-200.0,200,22.205481
-182.0,182,22.205596
-174.0,174,22.205652
-82.0,82,22.205735
-82.0,82,22.205777
-200.0,200,22.322374
-182.0,182,22.322479
-169.0,169,22.322529
-88.0,88,22.322571
-88.0,88,22.322611
-200.0,200,22.386372
-182.0,182,22.386488
-174.0,174,22.386554
-82.0,82,22.386596
-45.0,45,22.386635
-45.0,45,22.386674
-200.0,200,22.535445
-182.0,182,22.53557
-169.0,169,22.535638
-112.0,112,22.535697
-112.0,112,22.53575
-200.0,200,22.63883
-182.0,182,22.638957
-169.0,169,22.639011
-112.0,112,22.63907
-75.0,75,22.639112
-75.0,75,22.639151
-200.0,200,22.7589
-182.0,182,22.759022
-169.0,169,22.759073
-88.0,88,22.759132
-88.0,88,22.759188
-200.0,200,22.819805
-182.0,182,22.819913
-174.0,174,22.819997
-82.0,82,22.820056
-45.0,45,22.820096
-45.0,45,22.820135
-200.0,200,23.05072
-182.0,182,23.050844
-169.0,169,23.050911
-169.0,169,23.050955
-200.0,200,23.281816
-182.0,182,23.281909
-169.0,169,23.281959
-169.0,169,23.282003
-200.0,200,23.391046
-182.0,182,23.391156
-174.0,174,23.391211
-82.0,82,23.391272
-82.0,82,23.391327
-200.0,200,23.462443
-96.0,96,23.462555
-51.0,51,23.462611
-51.0,51,23.46266
-200.0,200,23.503568
-182.0,182,23.503676
-30.0,30,23.503785
-30.0,30,23.50383
-200.0,200,23.606577
-182.0,182,23.606684
-169.0,169,23.606734
-112.0,112,23.606777
-75.0,75,23.606816
-75.0,75,23.606855
-200.0,200,23.850761
-182.0,182,23.850875
-174.0,174,23.850934
-174.0,174,23.851023
-200.0,200,23.959277
-182.0,182,23.959417
-174.0,174,23.959474
-82.0,82,23.959549
-82.0,82,23.95959
-200.0,200,24.003288
-182.0,182,24.003395
-30.0,30,24.003446
-30.0,30,24.003489
-200.0,200,24.044253
-182.0,182,24.044359
-30.0,30,24.044439
-30.0,30,24.044481
-200.0,200,24.157508
-182.0,182,24.15765
-174.0,174,24.157732
-82.0,82,24.157776
-82.0,82,24.157817
-200.0,200,24.398062
-182.0,182,24.398206
-174.0,174,24.398279
-174.0,174,24.398323
-200.0,200,24.516391
-182.0,182,24.516507
-169.0,169,24.516564
-88.0,88,24.516639
-88.0,88,24.516679
-200.0,200,24.620005
-182.0,182,24.620115
-169.0,169,24.620181
-112.0,112,24.620224
-75.0,75,24.620263
-75.0,75,24.620302
-200.0,200,24.664013
-182.0,182,24.664147
-30.0,30,24.66423
-30.0,30,24.664288
-200.0,200,24.705442
-182.0,182,24.705554
-30.0,30,24.705611
-30.0,30,24.705658
-200.0,200,24.827039
-182.0,182,24.827189
-169.0,169,24.827245
-88.0,88,24.827291
-88.0,88,24.827333
-200.0,200,24.980104
-182.0,182,24.980225
-169.0,169,24.980277
-112.0,112,24.98032
-112.0,112,24.980361
-200.0,200,25.036358
-182.0,182,25.036527
-169.0,169,25.036579
-88.0,88,25.036623
-42.0,42,25.036663
-42.0,42,25.0367
-200.0,200,25.156546
-182.0,182,25.156669
-174.0,174,25.156721
-82.0,82,25.156763
-82.0,82,25.156803
-200.0,200,25.263144
-182.0,182,25.263261
-169.0,169,25.263316
-112.0,112,25.263364
-75.0,75,25.263407
-75.0,75,25.263448
-200.0,200,25.499969
-182.0,182,25.500078
-174.0,174,25.500162
-174.0,174,25.500205
-200.0,200,25.656334
-182.0,182,25.656458
-169.0,169,25.65651
-112.0,112,25.656555
-112.0,112,25.656595
-200.0,200,25.767923
-182.0,182,25.76804
-174.0,174,25.768107
-82.0,82,25.768167
-82.0,82,25.768229
-200.0,200,25.86819
-182.0,182,25.868312
-169.0,169,25.868364
-112.0,112,25.868408
-75.0,75,25.868449
-75.0,75,25.868489
-200.0,200,25.932473
-182.0,182,25.932598
-174.0,174,25.932652
-82.0,82,25.932699
-45.0,45,25.932744
-45.0,45,25.932786
-200.0,200,25.963541
-182.0,182,25.96365
-174.0,174,25.963716
-23.0,23,25.963759
-23.0,23,25.963798
-200.0,200,25.994969
-182.0,182,25.995096
-174.0,174,25.995166
-23.0,23,25.995227
-23.0,23,25.995299
-200.0,200,26.036008
-182.0,182,26.036114
-30.0,30,26.036165
-30.0,30,26.036207
-200.0,200,26.110215
-96.0,96,26.110339
-51.0,51,26.110394
-51.0,51,26.110441
-200.0,200,26.17598
-182.0,182,26.176104
-174.0,174,26.176157
-82.0,82,26.176201
-49.0,49,26.176241
-49.0,49,26.17628
-200.0,200,26.211326
-182.0,182,26.211437
-174.0,174,26.21149
-23.0,23,26.211553
-23.0,23,26.211611
-200.0,200,26.324917
-182.0,182,26.325021
-174.0,174,26.325073
-82.0,82,26.325118
-82.0,82,26.325159
-200.0,200,26.440818
-182.0,182,26.440953
-174.0,174,26.441022
-82.0,82,26.441069
-82.0,82,26.441114
-200.0,200,26.512005
-182.0,182,26.512159
-174.0,174,26.512241
-82.0,82,26.51233
-49.0,49,26.5124
-49.0,49,26.51244
-200.0,200,26.577801
-182.0,182,26.577907
-174.0,174,26.577958
-82.0,82,26.578001
-49.0,49,26.578042
-49.0,49,26.578081
-200.0,200,26.690295
-182.0,182,26.690437
-174.0,174,26.69052
-82.0,82,26.690594
-82.0,82,26.690637
-200.0,200,26.761511
-182.0,182,26.761644
-174.0,174,26.761713
-82.0,82,26.761757
-49.0,49,26.761799
-49.0,49,26.761838
-200.0,200,26.829958
-96.0,96,26.830082
-51.0,51,26.830167
-51.0,51,26.830209
-200.0,200,26.90213
-96.0,96,26.902235
-51.0,51,26.902287
-51.0,51,26.902329
-200.0,200,27.010847
-182.0,182,27.01096
-174.0,174,27.011016
-82.0,82,27.011095
-82.0,82,27.011135
-200.0,200,27.070687
-182.0,182,27.070793
-169.0,169,27.070845
-88.0,88,27.070889
-42.0,42,27.07093
-42.0,42,27.070969
-200.0,200,27.136238
-182.0,182,27.13638
-174.0,174,27.136437
-82.0,82,27.136528
-49.0,49,27.136571
-49.0,49,27.136612
-200.0,200,27.242977
-182.0,182,27.243114
-169.0,169,27.243212
-112.0,112,27.243257
-75.0,75,27.243299
-75.0,75,27.243339
-200.0,200,27.347871
-182.0,182,27.348022
-169.0,169,27.348089
-112.0,112,27.348131
-75.0,75,27.34817
-75.0,75,27.348208
-200.0,200,27.451801
-182.0,182,27.451911
-169.0,169,27.451969
-112.0,112,27.452045
-75.0,75,27.452086
-75.0,75,27.452125
-200.0,200,27.481579
-182.0,182,27.481692
-174.0,174,27.481758
-23.0,23,27.481801
-23.0,23,27.481842
-200.0,200,27.513954
-182.0,182,27.51406
-174.0,174,27.514111
-23.0,23,27.514154
-23.0,23,27.514194
-200.0,200,27.579142
-182.0,182,27.579243
-174.0,174,27.579295
-82.0,82,27.579338
-45.0,45,27.579379
-45.0,45,27.579418
-200.0,200,27.610511
-182.0,182,27.610631
-174.0,174,27.610682
-23.0,23,27.610724
-23.0,23,27.610763
-200.0,200,27.673454
-182.0,182,27.673559
-169.0,169,27.673609
-88.0,88,27.673653
-42.0,42,27.673693
-42.0,42,27.673731
-200.0,200,27.734723
-182.0,182,27.73483
-174.0,174,27.734882
-82.0,82,27.734926
-41.0,41,27.734967
-41.0,41,27.735006
-200.0,200,27.830846
-182.0,182,27.830957
-169.0,169,27.831014
-112.0,112,27.831061
-75.0,75,27.831106
-75.0,75,27.83115
-200.0,200,27.844018
-182.0,182,27.844128
-169.0,169,27.844184
-88.0,88,27.844233
-42.0,42,27.844278
-10.0,10,27.844321
-10.0,10,27.844363
-200.0,200,27.885422
-182.0,182,27.885539
-30.0,30,27.885595
-30.0,30,27.885643
-200.0,200,27.925514
-182.0,182,27.92568
-30.0,30,27.92573
-30.0,30,27.925772
-200.0,200,27.979508
-182.0,182,27.97963
-174.0,174,27.979731
-82.0,82,27.979775
-41.0,41,27.979825
-41.0,41,27.979864
-200.0,200,28.024119
-182.0,182,28.024239
-30.0,30,28.024304
-30.0,30,28.024346
-200.0,200,28.039235
-182.0,182,28.039355
-169.0,169,28.039404
-88.0,88,28.039448
-42.0,42,28.039488
-10.0,10,28.039526
-10.0,10,28.039562
-200.0,200,28.099386
-182.0,182,28.099492
-174.0,174,28.099543
-82.0,82,28.099587
-45.0,45,28.099627
-45.0,45,28.099666
-200.0,200,28.171757
-96.0,96,28.171867
-51.0,51,28.171934
-51.0,51,28.171977
-200.0,200,28.24019
-96.0,96,28.240307
-51.0,51,28.240356
-51.0,51,28.240398
-200.0,200,28.311966
-96.0,96,28.312073
-51.0,51,28.312123
-51.0,51,28.312165
-200.0,200,28.351879
-182.0,182,28.351997
-30.0,30,28.352079
-30.0,30,28.352136
-200.0,200,28.421654
-96.0,96,28.421773
-51.0,51,28.421825
-51.0,51,28.421883
-200.0,200,28.522913
-182.0,182,28.52303
-169.0,169,28.52308
-112.0,112,28.523122
-75.0,75,28.523161
-75.0,75,28.523199
-200.0,200,28.591058
-182.0,182,28.591181
-174.0,174,28.591249
-82.0,82,28.591293
-49.0,49,28.591333
-49.0,49,28.591372
-200.0,200,28.637346
-182.0,182,28.637449
-30.0,30,28.637498
-30.0,30,28.63754
-200.0,200,28.707557
-182.0,182,28.707671
-174.0,174,28.707769
-82.0,82,28.707815
-49.0,49,28.707856
-49.0,49,28.707895
-200.0,200,28.763289
-182.0,182,28.763424
-174.0,174,28.763491
-82.0,82,28.763579
-41.0,41,28.76362
-41.0,41,28.763658
-200.0,200,28.818592
-182.0,182,28.818704
-174.0,174,28.818761
-82.0,82,28.818812
-41.0,41,28.818859
-41.0,41,28.818904
-200.0,200,28.879734
-182.0,182,28.87986
-169.0,169,28.879928
-88.0,88,28.879971
-42.0,42,28.880011
-42.0,42,28.880049
-200.0,200,28.933678
-182.0,182,28.933792
-174.0,174,28.933848
-82.0,82,28.933924
-41.0,41,28.933964
-41.0,41,28.934002
-200.0,200,28.969453
-182.0,182,28.969587
-174.0,174,28.969656
-23.0,23,28.969698
-23.0,23,28.969739
-200.0,200,29.077686
-182.0,182,29.077806
-169.0,169,29.077859
-112.0,112,29.077902
-75.0,75,29.077942
-75.0,75,29.077981
-200.0,200,29.136884
-182.0,182,29.137027
-174.0,174,29.137111
-82.0,82,29.137153
-41.0,41,29.137194
-41.0,41,29.137246
-200.0,200,29.191335
-182.0,182,29.191468
-174.0,174,29.191535
-82.0,82,29.191581
-41.0,41,29.191621
-41.0,41,29.191659
-200.0,200,29.296921
-182.0,182,29.297029
-169.0,169,29.297081
-112.0,112,29.297125
-75.0,75,29.297166
-75.0,75,29.297205
-200.0,200,29.328465
-182.0,182,29.328571
-174.0,174,29.328624
-23.0,23,29.328666
-23.0,23,29.328707
-200.0,200,29.393097
-182.0,182,29.393263
-174.0,174,29.39332
-82.0,82,29.393365
-45.0,45,29.393405
-45.0,45,29.393445
-200.0,200,29.39799
-182.0,182,29.398084
-30.0,30,29.398139
-3.0,3,29.398188
-3.0,3,29.398234
-200.0,200,29.411684
-182.0,182,29.411793
-169.0,169,29.41185
-88.0,88,29.411925
-42.0,42,29.411965
-10.0,10,29.412003
-10.0,10,29.412041
-200.0,200,29.511103
-182.0,182,29.511242
-169.0,169,29.511299
-112.0,112,29.511375
-75.0,75,29.511415
-75.0,75,29.511454
-200.0,200,29.515852
-182.0,182,29.515949
-30.0,30,29.516018
-3.0,3,29.516093
-3.0,3,29.516135
-200.0,200,29.551506
-182.0,182,29.551637
-174.0,174,29.551696
-23.0,23,29.551759
-23.0,23,29.551804
-200.0,200,29.61713
-182.0,182,29.617292
-174.0,174,29.617361
-82.0,82,29.617404
-49.0,49,29.617445
-49.0,49,29.617483
-200.0,200,29.642476
-182.0,182,29.642587
-169.0,169,29.642653
-112.0,112,29.642698
-75.0,75,29.642738
-18.0,18,29.642777
-18.0,18,29.642815
-200.0,200,29.647507
-182.0,182,29.647611
-30.0,30,29.647666
-3.0,3,29.647714
-3.0,3,29.64776
-200.0,200,29.706678
-182.0,182,29.706804
-174.0,174,29.706856
-82.0,82,29.7069
-41.0,41,29.70694
-41.0,41,29.70698
-200.0,200,29.810528
-182.0,182,29.810633
-169.0,169,29.810685
-112.0,112,29.810729
-75.0,75,29.810769
-75.0,75,29.810808
-200.0,200,29.870789
-182.0,182,29.870908
-174.0,174,29.871004
-82.0,82,29.871076
-45.0,45,29.871144
-45.0,45,29.871211
-200.0,200,29.930754
-182.0,182,29.93086
-174.0,174,29.930912
-82.0,82,29.930956
-45.0,45,29.930997
-45.0,45,29.931036
-200.0,200,30.034117
-182.0,182,30.03426
-169.0,169,30.034351
-112.0,112,30.034407
-75.0,75,30.034464
-75.0,75,30.034516
-200.0,200,30.146859
-182.0,182,30.147002
-174.0,174,30.147075
-82.0,82,30.147124
-82.0,82,30.14717
-200.0,200,30.201714
-182.0,182,30.201837
-174.0,174,30.201919
-82.0,82,30.201977
-41.0,41,30.202017
-41.0,41,30.202056
-200.0,200,30.206536
-182.0,182,30.206642
-30.0,30,30.206697
-3.0,3,30.206772
-3.0,3,30.206811
-200.0,200,30.277859
-182.0,182,30.277964
-174.0,174,30.278013
-82.0,82,30.278056
-45.0,45,30.278095
-45.0,45,30.278133
-200.0,200,30.29219
-182.0,182,30.292311
-169.0,169,30.292378
-88.0,88,30.292422
-42.0,42,30.292463
-10.0,10,30.292502
-10.0,10,30.29254
-200.0,200,30.347498
-182.0,182,30.347627
-174.0,174,30.347681
-82.0,82,30.347741
-41.0,41,30.34778
-41.0,41,30.347819
-200.0,200,30.355775
-182.0,182,30.355875
-174.0,174,30.35593
-82.0,82,30.356008
-45.0,45,30.356049
-6.0,6,30.356087
-6.0,6,30.356125
-200.0,200,30.373613
-182.0,182,30.373752
-169.0,169,30.373803
-88.0,88,30.373847
-42.0,42,30.373887
-10.0,10,30.373925
-10.0,10,30.373962
-200.0,200,30.398334
-182.0,182,30.398451
-169.0,169,30.398509
-112.0,112,30.398584
-75.0,75,30.398626
-18.0,18,30.398666
-18.0,18,30.398705
-200.0,200,30.464929
-182.0,182,30.465046
-174.0,174,30.465106
-82.0,82,30.465157
-49.0,49,30.465203
-49.0,49,30.465261
-200.0,200,30.469513
-182.0,182,30.469608
-30.0,30,30.469666
-3.0,3,30.469717
-3.0,3,30.469764
-200.0,200,30.504708
-182.0,182,30.504814
-174.0,174,30.504873
-23.0,23,30.504924
-23.0,23,30.504969
-200.0,200,30.569683
-182.0,182,30.569801
-174.0,174,30.569872
-82.0,82,30.569931
-49.0,49,30.569986
-49.0,49,30.570038
-200.0,200,30.60077
-182.0,182,30.600889
-174.0,174,30.60095
-23.0,23,30.601003
-23.0,23,30.601052
-200.0,200,30.70278
-182.0,182,30.702899
-169.0,169,30.702959
-112.0,112,30.703012
-75.0,75,30.70306
-75.0,75,30.703106
-200.0,200,30.766609
-182.0,182,30.766728
-174.0,174,30.766788
-82.0,82,30.766839
-49.0,49,30.766887
-49.0,49,30.766933
-200.0,200,30.870322
-182.0,182,30.870445
-169.0,169,30.870508
-112.0,112,30.87056
-75.0,75,30.870608
-75.0,75,30.870655
-200.0,200,30.879058
-182.0,182,30.879167
-174.0,174,30.879225
-82.0,82,30.879277
-45.0,45,30.879325
-6.0,6,30.87937
-6.0,6,30.879416
-200.0,200,30.984289
-182.0,182,30.984434
-169.0,169,30.984521
-112.0,112,30.984569
-75.0,75,30.984612
-75.0,75,30.984655
-200.0,200,31.008322
-182.0,182,31.008431
-169.0,169,31.008487
-112.0,112,31.008535
-75.0,75,31.008592
-18.0,18,31.008632
-18.0,18,31.00867
-200.0,200,31.110369
-182.0,182,31.110488
-169.0,169,31.110547
-112.0,112,31.11061
-75.0,75,31.110654
-75.0,75,31.110697
-200.0,200,31.165321
-182.0,182,31.165429
-174.0,174,31.165481
-82.0,82,31.165525
-41.0,41,31.165565
-41.0,41,31.165605
-200.0,200,31.195019
-182.0,182,31.195163
-169.0,169,31.195244
-112.0,112,31.195292
-75.0,75,31.195335
-18.0,18,31.195376
-18.0,18,31.195416
-200.0,200,31.265524
-96.0,96,31.265628
-51.0,51,31.265677
-51.0,51,31.265719
-200.0,200,31.336437
-96.0,96,31.336559
-51.0,51,31.336626
-51.0,51,31.336668
-200.0,200,31.437768
-182.0,182,31.437897
-169.0,169,31.437952
-112.0,112,31.437998
-75.0,75,31.438041
-75.0,75,31.438084
-200.0,200,31.509743
-96.0,96,31.509864
-51.0,51,31.509913
-51.0,51,31.509955
-200.0,200,31.583152
-96.0,96,31.58329
-51.0,51,31.58334
-51.0,51,31.583384
-200.0,200,31.653748
-182.0,182,31.653861
-174.0,174,31.653913
-82.0,82,31.653958
-49.0,49,31.653999
-49.0,49,31.654039
-200.0,200,31.658405
-182.0,182,31.658503
-30.0,30,31.658558
-3.0,3,31.658634
-3.0,3,31.65869
-200.0,200,31.680243
-96.0,96,31.680365
-51.0,51,31.680418
-16.0,16,31.680461
-16.0,16,31.680502
-200.0,200,31.69503
-182.0,182,31.695149
-169.0,169,31.695249
-88.0,88,31.695325
-42.0,42,31.695399
-10.0,10,31.695455
-10.0,10,31.695493
-200.0,200,31.760286
-182.0,182,31.760401
-174.0,174,31.760456
-82.0,82,31.760531
-45.0,45,31.760571
-45.0,45,31.760609
-200.0,200,31.79226
-182.0,182,31.792401
-174.0,174,31.79248
-23.0,23,31.792895
-23.0,23,31.792945
-200.0,200,31.814093
-96.0,96,31.8142
-51.0,51,31.814255
-16.0,16,31.814331
-16.0,16,31.81437
-200.0,200,31.881094
-182.0,182,31.881204
-174.0,174,31.881267
-82.0,82,31.881312
-45.0,45,31.881354
-45.0,45,31.881394
-200.0,200,31.925396
-182.0,182,31.925525
-174.0,174,31.925593
-82.0,82,31.925637
-45.0,45,31.925677
-28.0,28,31.925715
-28.0,28,31.925751
-200.0,200,31.930103
-182.0,182,31.9302
-30.0,30,31.930254
-3.0,3,31.930343
-3.0,3,31.930385
-200.0,200,31.944133
-182.0,182,31.944247
-169.0,169,31.944303
-88.0,88,31.944398
-42.0,42,31.944441
-10.0,10,31.944483
-10.0,10,31.944523
-200.0,200,31.94891
-182.0,182,31.949006
-30.0,30,31.949062
-3.0,3,31.949137
-3.0,3,31.949177
-200.0,200,31.970426
-96.0,96,31.970541
-51.0,51,31.970597
-16.0,16,31.970645
-16.0,16,31.97069
-200.0,200,32.024221
-182.0,182,32.02434
-174.0,174,32.024396
-82.0,82,32.024442
-41.0,41,32.024486
-41.0,41,32.024541
-200.0,200,32.034191
-182.0,182,32.034299
-174.0,174,32.034354
-82.0,82,32.034402
-45.0,45,32.034447
-6.0,6,32.034491
-6.0,6,32.034532
-200.0,200,32.078424
-182.0,182,32.078573
-174.0,174,32.078664
-82.0,82,32.07871
-45.0,45,32.078751
-28.0,28,32.078791
-28.0,28,32.078829
-200.0,200,32.116718
-182.0,182,32.116836
-174.0,174,32.116902
-82.0,82,32.116974
-45.0,45,32.117013
-28.0,28,32.117052
-28.0,28,32.11709
-200.0,200,32.121395
-182.0,182,32.121512
-30.0,30,32.121577
-3.0,3,32.121649
-3.0,3,32.12169
-200.0,200,32.175475
-182.0,182,32.175582
-174.0,174,32.175635
-82.0,82,32.175679
-41.0,41,32.175722
-41.0,41,32.175762
-200.0,200,32.194803
-182.0,182,32.194916
-169.0,169,32.194974
-88.0,88,32.195023
-42.0,42,32.195068
-10.0,10,32.195112
-10.0,10,32.195155
-200.0,200,32.238062
-182.0,182,32.238167
-174.0,174,32.238225
-82.0,82,32.238276
-45.0,45,32.238321
-28.0,28,32.238364
-28.0,28,32.238406
-200.0,200,32.301445
-182.0,182,32.301564
-174.0,174,32.301622
-82.0,82,32.301673
-49.0,49,32.30172
-49.0,49,32.301765
-200.0,200,32.309758
-182.0,182,32.309856
-174.0,174,32.309919
-82.0,82,32.309975
-45.0,45,32.310028
-6.0,6,32.310078
-6.0,6,32.310127
-200.0,200,32.313111
-182.0,182,32.313204
-174.0,174,32.313275
-82.0,82,32.313327
-45.0,45,32.313374
-28.0,28,32.313421
-2.0,2,32.313466
-2.0,2,32.313511
-200.0,200,32.383158
-182.0,182,32.38328
-174.0,174,32.383345
-82.0,82,32.383402
-49.0,49,32.383455
-49.0,49,32.383506
-200.0,200,32.415107
-182.0,182,32.415223
-169.0,169,32.415284
-112.0,112,32.415339
-75.0,75,32.415388
-18.0,18,32.415432
-18.0,18,32.415477
-200.0,200,32.43468
-182.0,182,32.434799
-169.0,169,32.43486
-112.0,112,32.434911
-75.0,75,32.434959
-18.0,18,32.435005
-14.0,14,32.435049
-14.0,14,32.435093
-200.0,200,32.459675
-182.0,182,32.459792
-169.0,169,32.459854
-112.0,112,32.459908
-75.0,75,32.459956
-18.0,18,32.460004
-18.0,18,32.46005
-200.0,200,32.482997
-182.0,182,32.483111
-169.0,169,32.483172
-112.0,112,32.483225
-75.0,75,32.483275
-18.0,18,32.483323
-14.0,14,32.483369
-14.0,14,32.483414
-200.0,200,32.547343
-182.0,182,32.547461
-174.0,174,32.54752
-82.0,82,32.547571
-49.0,49,32.547619
-49.0,49,32.547665
-200.0,200,32.615968
-182.0,182,32.616091
-174.0,174,32.616154
-82.0,82,32.616206
-49.0,49,32.616255
-49.0,49,32.616302
-200.0,200,32.619401
-182.0,182,32.619491
-174.0,174,32.619549
-82.0,82,32.6196
-45.0,45,32.619647
-28.0,28,32.619693
-2.0,2,32.619736
-2.0,2,32.619781
-200.0,200,32.623982
-182.0,182,32.624066
-30.0,30,32.624122
-3.0,3,32.624172
-3.0,3,32.624218
-200.0,200,32.637738
-182.0,182,32.637845
-169.0,169,32.637904
-88.0,88,32.637955
-42.0,42,32.638003
-10.0,10,32.638049
-10.0,10,32.638095
-200.0,200,32.641074
-182.0,182,32.641156
-174.0,174,32.641214
-82.0,82,32.641274
-45.0,45,32.641322
-28.0,28,32.641366
-2.0,2,32.64141
-2.0,2,32.641454
-200.0,200,32.655012
-182.0,182,32.655127
-169.0,169,32.655188
-88.0,88,32.65524
-42.0,42,32.655291
-10.0,10,32.655339
-10.0,10,32.655385
-200.0,200,32.659672
-182.0,182,32.659766
-30.0,30,32.659824
-3.0,3,32.659876
-3.0,3,32.659924
-200.0,200,32.69678
-182.0,182,32.696896
-174.0,174,32.696955
-82.0,82,32.697006
-45.0,45,32.697052
-28.0,28,32.697099
-28.0,28,32.697143
-200.0,200,32.721594
-182.0,182,32.721712
-169.0,169,32.721778
-112.0,112,32.721837
-75.0,75,32.721893
-18.0,18,32.721945
-18.0,18,32.721995
-200.0,200,32.764428
-182.0,182,32.764553
-174.0,174,32.764615
-82.0,82,32.764667
-45.0,45,32.764715
-28.0,28,32.764761
-28.0,28,32.764806
-200.0,200,32.768074
-182.0,182,32.76817
-174.0,174,32.768228
-82.0,82,32.768281
-45.0,45,32.768328
-28.0,28,32.768374
-2.0,2,32.768419
-2.0,2,32.768462
-200.0,200,32.805172
-182.0,182,32.805298
-174.0,174,32.805361
-82.0,82,32.805412
-45.0,45,32.805459
-28.0,28,32.805504
-28.0,28,32.805548
-200.0,200,32.819386
-182.0,182,32.819498
-169.0,169,32.819559
-88.0,88,32.819609
-42.0,42,32.819658
-10.0,10,32.819704
-10.0,10,32.81975
-200.0,200,32.824048
-182.0,182,32.824149
-30.0,30,32.824206
-3.0,3,32.824258
-3.0,3,32.824306
-200.0,200,32.8289
-182.0,182,32.829019
-30.0,30,32.829078
-3.0,3,32.82913
-3.0,3,32.829178
-200.0,200,32.899675
-182.0,182,32.899783
-174.0,174,32.899841
-82.0,82,32.899892
-49.0,49,32.899939
-49.0,49,32.899984
-200.0,200,32.954397
-182.0,182,32.954521
-174.0,174,32.954606
-82.0,82,32.954679
-41.0,41,32.954718
-41.0,41,32.954755
-200.0,200,33.014495
-182.0,182,33.014616
-174.0,174,33.014669
-82.0,82,33.014713
-41.0,41,33.014753
-41.0,41,33.014792
-200.0,200,33.039654
-96.0,96,33.039754
-51.0,51,33.039804
-16.0,16,33.039847
-16.0,16,33.039886
-200.0,200,33.093003
-182.0,182,33.09314
-174.0,174,33.093206
-82.0,82,33.093287
-41.0,41,33.093327
-41.0,41,33.093364
-200.0,200,33.112089
-182.0,182,33.11221
-169.0,169,33.112276
-112.0,112,33.11232
-75.0,75,33.112361
-18.0,18,33.112401
-14.0,14,33.112439
-14.0,14,33.112476
-200.0,200,33.126302
-182.0,182,33.126457
-169.0,169,33.126543
-88.0,88,33.126586
-42.0,42,33.126626
-10.0,10,33.126665
-10.0,10,33.126703
-200.0,200,33.145116
-182.0,182,33.145238
-169.0,169,33.145324
-112.0,112,33.145369
-75.0,75,33.14541
-18.0,18,33.14545
-14.0,14,33.145489
-14.0,14,33.145527
-200.0,200,33.204493
-182.0,182,33.204606
-174.0,174,33.204675
-82.0,82,33.204719
-41.0,41,33.204761
-41.0,41,33.2048
-200.0,200,33.226918
-96.0,96,33.227033
-51.0,51,33.227086
-16.0,16,33.22713
-16.0,16,33.227172
-200.0,200,33.277441
-182.0,182,33.27757
-174.0,174,33.277657
-82.0,82,33.277735
-41.0,41,33.277812
-38.0,38,33.277885
-38.0,38,33.27796
-200.0,200,33.299157
-96.0,96,33.299262
-51.0,51,33.299312
-16.0,16,33.299354
-16.0,16,33.299393
-200.0,200,33.340718
-182.0,182,33.340842
-174.0,174,33.340939
-82.0,82,33.340983
-45.0,45,33.341024
-28.0,28,33.341063
-28.0,28,33.3411
-200.0,200,33.35926
-182.0,182,33.359367
-169.0,169,33.359421
-112.0,112,33.359479
-75.0,75,33.359521
-18.0,18,33.35956
-14.0,14,33.359599
-14.0,14,33.359636
-200.0,200,33.363904
-182.0,182,33.363996
-30.0,30,33.364046
-3.0,3,33.36409
-3.0,3,33.364131
-200.0,200,33.36839
-182.0,182,33.368489
-30.0,30,33.368541
-3.0,3,33.368585
-3.0,3,33.368627
-200.0,200,33.418478
-182.0,182,33.418613
-174.0,174,33.418688
-82.0,82,33.418808
-41.0,41,33.418914
-38.0,38,33.418971
-38.0,38,33.41901
-200.0,200,33.422116
-182.0,182,33.422214
-174.0,174,33.422307
-82.0,82,33.422364
-45.0,45,33.422404
-28.0,28,33.422441
-2.0,2,33.422479
-2.0,2,33.422516
-200.0,200,33.447062
-182.0,182,33.447166
-169.0,169,33.447217
-112.0,112,33.447262
-75.0,75,33.447303
-18.0,18,33.447341
-18.0,18,33.447379
-200.0,200,33.464895
-182.0,182,33.465008
-169.0,169,33.465064
-88.0,88,33.465112
-42.0,42,33.465157
-10.0,10,33.465199
-10.0,10,33.465249
-200.0,200,33.469599
-182.0,182,33.469693
-30.0,30,33.469744
-3.0,3,33.46979
-3.0,3,33.469834
-200.0,200,33.520741
-182.0,182,33.520854
-174.0,174,33.52091
-82.0,82,33.520988
-41.0,41,33.521029
-38.0,38,33.521068
-38.0,38,33.521106
-200.0,200,33.529573
-182.0,182,33.529705
-174.0,174,33.529773
-82.0,82,33.529818
-45.0,45,33.529858
-6.0,6,33.529897
-6.0,6,33.529935
-200.0,200,33.580037
-182.0,182,33.580159
-174.0,174,33.580212
-82.0,82,33.580256
-41.0,41,33.580297
-38.0,38,33.580337
-38.0,38,33.580375
-200.0,200,33.607655
-96.0,96,33.607763
-51.0,51,33.607828
-16.0,16,33.607871
-16.0,16,33.607912
-200.0,200,33.611919
-182.0,182,33.612032
-30.0,30,33.612084
-3.0,3,33.612143
-3.0,3,33.612183
-200.0,200,33.626543
-182.0,182,33.626654
-169.0,169,33.626705
-88.0,88,33.62675
-42.0,42,33.626791
-10.0,10,33.626843
-10.0,10,33.626896
-200.0,200,33.64924
-96.0,96,33.649346
-51.0,51,33.649397
-16.0,16,33.649442
-16.0,16,33.649482
-200.0,200,33.657998
-182.0,182,33.658113
-174.0,174,33.65817
-82.0,82,33.658248
-45.0,45,33.658289
-6.0,6,33.658327
-6.0,6,33.658365
-200.0,200,33.681979
-182.0,182,33.682102
-169.0,169,33.682169
-112.0,112,33.682214
-75.0,75,33.682255
-18.0,18,33.682293
-18.0,18,33.68233
-200.0,200,33.685982
-182.0,182,33.686093
-174.0,174,33.68618
-82.0,82,33.686243
-45.0,45,33.686288
-28.0,28,33.686328
-2.0,2,33.686367
-2.0,2,33.686405
-200.0,200,33.695005
-182.0,182,33.695115
-174.0,174,33.695168
-82.0,82,33.695214
-45.0,45,33.695256
-6.0,6,33.695297
-6.0,6,33.695336
-200.0,200,33.714741
-182.0,182,33.714882
-169.0,169,33.714938
-112.0,112,33.714985
-75.0,75,33.715031
-18.0,18,33.715075
-14.0,14,33.715116
-14.0,14,33.715157
-200.0,200,33.736043
-96.0,96,33.736163
-51.0,51,33.736214
-16.0,16,33.736273
-16.0,16,33.736311
-200.0,200,33.797064
-182.0,182,33.797188
-174.0,174,33.797265
-82.0,82,33.797326
-41.0,41,33.797366
-41.0,41,33.797405
-200.0,200,33.805871
-182.0,182,33.805969
-174.0,174,33.806034
-82.0,82,33.806077
-45.0,45,33.806117
-6.0,6,33.806155
-6.0,6,33.806192
-200.0,200,33.860542
-182.0,182,33.860656
-174.0,174,33.860714
-82.0,82,33.860804
-41.0,41,33.860848
-41.0,41,33.860887
-200.0,200,33.902201
-182.0,182,33.902315
-174.0,174,33.902371
-82.0,82,33.902446
-45.0,45,33.902487
-28.0,28,33.902524
-28.0,28,33.902561
-200.0,200,33.905541
-182.0,182,33.905622
-174.0,174,33.905671
-82.0,82,33.905743
-45.0,45,33.905799
-28.0,28,33.905838
-2.0,2,33.905875
-2.0,2,33.905911
-200.0,200,33.924702
-182.0,182,33.924824
-169.0,169,33.924877
-112.0,112,33.924937
-75.0,75,33.924978
-18.0,18,33.925018
-14.0,14,33.925056
-14.0,14,33.925094
-200.0,200,33.976216
-182.0,182,33.976342
-174.0,174,33.976429
-82.0,82,33.976487
-41.0,41,33.976529
-38.0,38,33.976567
-38.0,38,33.976605
-200.0,200,34.001173
-182.0,182,34.00133
-169.0,169,34.001398
-112.0,112,34.001443
-75.0,75,34.001483
-18.0,18,34.001522
-18.0,18,34.001559
